3.60 8.22 8.11 9.92
1.24 7.51 3.47 4.88
0.04 6.39 9.11 10.92
6.72 0.99 8.67 10.62
4.18 5.32 0.71 2.01
1.05 0.36 2.60 3.76
3.91 8.26 9.25 10.79
4.32 7.02 1.42 3.94
9.51 5.22 5.14 6.88
7.58 7.30 9.58 10.80
1.25 7.10 7.31 9.04
4.63 1.28 5.35 7.17
5.87 1.43 1.62 3.30
4.83 1.59 5.28 5.95
9.17 6.13 1.15 1.88
9.62 2.45 4.30 6.23
0.25 3.70 9.91 10.63
7.37 2.17 6.80 8.68
8.85 7.78 4.75 6.59
0.96 3.63 1.96 4.24
9.53 0.04 8.68 10.81
5.25 4.39 1.63 3.29
9.47 3.56 1.13 2.68
1.71 9.75 6.91 8.28
0.60 3.59 5.24 5.91
7.02 7.67 9.03 10.54
0.73 6.44 4.74 6.97
2.42 4.50 5.83 6.90
3.29 1.43 0.99 2.97
6.63 6.11 0.73 2.16
6.81 3.66 0.07 2.83
8.24 5.27 9.61 11.11
7.13 4.66 7.54 8.47
8.70 7.13 7.18 9.49
7.28 0.61 9.21 11.40
3.06 3.61 5.31 7.44
7.67 8.76 4.15 5.38
1.06 9.76 8.36 9.08
4.31 9.68 1.85 3.77
7.39 5.00 7.36 7.86
2.52 7.84 5.11 6.43
5.25 4.89 3.21 4.66
1.20 0.44 1.32 2.54
7.65 8.22 9.93 11.66
1.83 0.46 6.01 7.04
2.92 6.32 4.97 6.63
9.28 9.27 8.30 10.26
3.77 5.09 1.15 1.60
1.11 6.40 7.52 8.19
8.50 5.06 2.62 3.35
6.35 6.45 7.28 9.29
4.67 0.25 5.90 7.55
0.71 7.43 3.77 5.47
5.17 8.27 8.92 10.52
3.35 9.11 2.05 2.91
3.65 7.55 0.66 2.50
2.90 4.54 1.49 2.40
4.30 9.04 7.92 9.56
0.14 2.11 2.43 4.53
9.30 0.82 4.19 5.27
0.37 5.37 7.73 8.98
7.61 5.24 7.99 9.42
9.96 6.01 5.27 6.92
2.13 7.54 4.26 6.63
3.18 7.97 2.69 4.53
1.08 5.42 5.77 8.18
1.23 1.14 6.01 7.74
5.71 5.74 4.08 6.19
7.04 3.81 1.74 2.98
9.97 9.92 7.39 8.98
4.38 2.13 2.50 4.21
0.05 0.59 8.40 10.06
1.90 4.80 3.61 5.40
0.82 4.22 1.40 2.39
4.75 2.45 9.06 9.60
8.95 4.10 1.30 2.67
2.99 9.96 7.60 10.08
4.89 8.35 3.29 5.55
7.20 4.62 9.97 11.00
4.45 8.44 4.86 6.03
8.83 6.34 8.03 9.43
9.91 8.14 4.11 5.32
9.18 0.43 9.68 11.47
3.55 3.12 7.96 9.58
7.93 9.00 4.33 5.45
2.84 3.06 5.97 7.39
2.68 0.47 4.04 5.90
3.42 3.39 9.36 10.64
4.89 9.63 8.45 9.07
7.24 8.06 0.62 2.31
3.20 7.95 0.09 1.84
5.69 0.23 7.27 9.46
3.60 8.36 1.52 1.79
2.38 8.76 8.75 9.86
2.16 5.16 9.56 11.04
9.91 1.44 2.04 3.72
8.82 7.83 8.14 8.89
2.37 9.36 3.95 4.78
4.38 6.99 2.88 4.99
1.52 1.80 2.04 4.50
3.02 6.53 4.89 6.92
5.05 0.31 3.59 6.15
3.96 9.29 8.72 9.25
2.91 4.04 4.85 6.64
7.03 2.45 5.83 7.22
0.21 6.70 7.53 9.25
5.81 3.75 7.66 8.99
3.28 4.58 9.92 10.87
2.97 3.73 3.86 6.02
5.89 3.30 9.17 9.93
3.80 1.14 9.10 10.53
1.63 7.67 3.81 5.88
2.04 1.56 8.34 8.77
2.65 3.33 5.55 7.37
4.57 0.56 5.30 6.07
8.60 1.76 4.48 5.98
6.36 5.24 6.16 7.27
9.87 4.19 6.65 8.53
6.70 8.34 3.94 5.14
2.75 7.98 6.09 7.26
5.14 7.62 2.13 4.05
8.30 6.95 0.49 2.04
2.46 1.63 4.39 6.47
8.64 0.24 0.56 1.74
0.54 3.03 0.37 1.49
3.12 7.90 8.51 10.44
8.04 9.43 8.35 10.43
8.07 3.80 7.18 8.80
7.82 2.32 6.74 7.84
2.64 3.28 7.79 9.15
6.59 1.87 6.32 7.50
7.14 4.22 0.39 2.43
8.24 8.04 1.64 2.63
6.55 4.54 0.88 2.84
3.52 0.05 2.13 3.58
1.00 6.49 7.28 8.83
3.92 2.79 6.15 7.13
6.69 6.63 2.74 3.46
8.84 0.09 7.97 9.85
8.31 0.10 5.83 7.81
0.07 8.59 3.19 5.13
9.44 8.51 9.72 10.66
0.15 5.78 1.91 3.72
3.92 9.64 9.76 10.65
1.25 1.01 1.33 3.00
9.70 5.40 1.46 3.23
6.63 4.93 1.74 3.61
8.79 2.41 4.39 5.32
1.27 5.88 7.67 9.44
0.37 8.48 3.34 4.44
6.04 7.79 7.33 9.59
8.96 0.62 8.59 10.67
3.12 4.20 5.67 6.77
3.66 1.85 1.67 3.26
1.31 2.16 3.89 5.76
2.31 7.21 4.24 5.65
3.26 2.21 8.44 9.12
7.40 5.85 0.45 2.14
7.13 4.84 5.30 6.21
6.63 3.23 7.81 10.29
1.64 3.38 0.95 2.35
9.53 5.53 4.71 5.80
0.91 7.45 3.70 5.16
2.53 4.14 7.65 8.58
0.43 5.67 0.67 2.08
3.15 9.30 6.77 8.37
4.48 3.82 4.62 6.27
3.61 3.61 5.35 7.39
8.28 9.93 5.98 7.40
9.80 2.25 2.36 3.49
8.20 4.86 4.85 6.57
7.82 2.61 4.74 6.60
8.20 2.49 5.38 7.12
4.26 5.29 1.99 3.94
7.62 0.79 5.63 6.65
4.37 8.50 6.52 8.96
4.84 1.13 1.67 3.74
2.47 2.56 1.09 2.75
6.40 4.99 4.03 5.31
1.32 9.27 2.51 3.88
5.91 8.13 8.16 9.53
2.56 2.43 3.26 4.58
2.71 2.51 7.03 8.64
9.38 3.11 0.55 1.25
6.61 5.27 1.58 4.06
1.68 3.41 5.81 7.22
4.88 3.85 9.60 11.33
3.40 3.37 7.96 8.71
8.77 7.07 0.73 2.27
8.47 0.71 8.93 10.11
4.34 8.90 5.82 7.78
4.39 5.61 1.67 3.75
1.00 4.69 3.13 5.09
0.62 8.34 1.43 2.35
9.28 9.38 1.47 3.10
4.12 4.11 9.73 10.41
0.81 9.50 4.71 6.32
7.48 3.05 0.29 1.87
5.44 8.43 2.50 4.37
6.20 8.31 4.46 5.38
2.83 2.35 4.38 6.36
5.17 5.04 3.07 4.59
8.97 5.63 5.54 6.76
0.20 8.56 3.94 5.12
5.14 9.06 3.53 4.40
1.74 5.09 0.01 2.04
9.38 4.20 4.83 6.89
9.44 2.89 5.93 7.59
0.44 7.50 2.51 4.83
0.15 8.50 7.58 8.82
9.48 3.12 5.70 7.16
3.99 1.60 5.04 6.42
5.77 8.84 3.58 5.02
0.26 1.49 5.86 7.78
3.11 6.01 0.33 2.14
0.88 3.06 6.72 8.27
7.68 5.92 3.90 5.20
7.95 3.09 2.95 3.83
4.62 1.08 7.83 10.06
6.23 2.61 1.49 2.44
1.49 3.58 0.13 2.21
6.96 7.84 3.11 5.06
3.95 9.20 7.51 8.62
8.24 6.41 0.13 1.13
3.80 8.41 6.97 8.23
1.89 6.42 4.49 6.38
3.60 7.14 0.69 2.78
1.47 8.95 1.25 2.93
7.63 2.90 4.11 6.72
5.90 1.66 9.94 11.46
1.91 2.05 9.77 10.88
4.58 7.32 5.75 6.43
0.74 9.43 3.17 4.89
7.11 9.24 4.93 7.18
0.11 1.99 9.73 11.16
8.98 5.07 1.49 3.24
9.66 8.08 3.23 4.78
3.04 7.34 5.54 7.55
6.41 8.70 3.94 5.40
7.30 7.09 4.72 5.23
8.40 7.18 7.44 8.64
2.45 7.29 2.26 4.36
2.61 3.15 6.80 8.27
7.26 3.57 7.39 9.09
1.85 1.44 1.17 1.92
6.51 8.45 7.35 8.41
6.28 6.08 0.38 1.33
8.18 2.15 6.82 8.79
9.74 5.70 2.91 4.85
3.54 8.01 6.58 7.64
6.31 8.59 0.82 2.76
3.19 4.60 5.78 7.93
4.63 8.79 8.70 9.40
8.81 5.79 5.93 7.34
8.65 2.39 1.07 2.35
6.80 0.07 3.06 5.35
1.70 3.10 6.00 7.93
8.77 6.89 8.23 10.27
5.23 2.43 5.17 6.07
2.85 0.88 2.85 4.03
4.86 5.83 1.52 3.67
6.45 2.83 6.67 8.12
8.46 3.98 1.76 3.31
5.20 9.66 0.93 2.60
4.64 1.40 5.55 7.40
0.59 4.95 0.48 1.98
9.98 7.99 3.36 5.10
6.43 4.79 3.52 5.41
3.83 2.39 7.76 8.66
5.50 6.11 9.64 10.85
2.62 7.01 7.99 9.16
8.02 4.44 1.67 3.34
7.47 1.92 2.15 3.31
2.75 7.94 1.82 3.95
7.34 2.87 4.32 5.84
0.11 6.71 4.38 5.90
7.68 5.03 5.43 6.99
1.82 9.98 4.13 5.61
1.16 0.34 7.76 8.49
4.73 0.16 0.75 1.81
4.49 7.87 4.10 5.31
4.57 3.24 3.43 4.92
5.68 6.63 4.24 5.36
6.41 1.00 7.36 9.16
6.89 3.57 1.18 2.75
4.68 5.04 0.95 2.04
7.11 7.02 7.41 8.48
0.96 4.37 1.13 2.43
7.63 2.97 1.84 2.58
2.69 6.66 8.40 9.45
0.29 2.65 4.65 6.38
7.83 1.55 3.27 4.62
5.97 1.86 9.42 10.70
7.68 1.32 7.11 8.10
1.99 0.04 9.92 10.79
0.09 1.49 7.20 8.87
8.92 6.69 8.83 9.76
5.45 5.56 1.11 2.71
0.53 3.46 0.53 1.76
5.97 9.31 0.41 2.51
1.29 4.59 8.63 10.30
5.37 2.39 3.50 4.54
4.00 5.08 9.59 11.57
1.93 3.65 9.62 11.79
9.25 3.77 5.64 7.93
4.40 4.79 6.35 8.31
7.02 3.94 1.81 3.25
2.19 5.15 5.51 7.02
9.69 6.13 3.69 5.70
6.37 7.51 0.47 2.31
9.26 9.02 7.18 8.50
0.60 2.17 8.39 10.35
0.99 3.87 0.03 2.22
4.25 1.66 8.49 9.31
0.99 9.61 5.35 7.04
1.63 9.31 6.90 7.88
8.89 6.82 1.96 3.63
5.47 2.89 9.14 10.12
2.95 9.47 7.09 8.72
0.82 8.51 6.72 7.20
7.52 3.26 9.42 11.55
3.34 6.40 8.08 9.96
3.01 9.16 8.82 10.54
7.75 6.86 5.55 7.68
0.38 4.45 8.14 10.34
8.68 7.04 1.04 2.40
0.18 6.26 8.70 10.54
5.37 8.30 3.03 4.08
1.86 8.34 0.32 1.91
6.62 9.53 6.13 7.60
5.28 5.88 6.95 8.89
5.84 3.53 8.40 10.01
4.91 5.76 5.01 7.13
5.82 9.50 3.22 4.44
3.19 4.66 4.63 6.83
6.73 5.48 9.57 11.56
9.02 1.00 9.88 11.02
2.62 7.03 3.41 5.01
8.61 10.00 0.53 0.94
4.32 7.06 6.89 8.46
6.13 1.59 3.78 5.37
6.36 4.10 1.26 2.93
0.76 8.91 5.13 5.80
8.83 6.01 2.01 3.59
1.52 9.35 2.74 3.91
0.23 9.69 7.29 9.55
7.33 2.62 8.96 11.54
8.92 5.25 0.28 1.90
2.12 9.20 9.30 11.73
0.82 1.55 2.60 3.78
4.37 7.40 6.57 8.07
7.12 2.05 3.95 4.99
2.75 3.38 2.40 3.64
7.24 3.04 3.85 5.06
8.54 5.87 6.42 7.95
5.97 6.56 1.78 3.04
3.00 2.51 1.58 2.67
8.46 7.44 6.30 6.95
3.66 3.59 6.94 9.43
5.47 3.38 1.81 3.18
3.71 7.69 8.55 9.56
9.57 3.86 1.91 3.43
5.34 9.75 5.41 6.78
7.10 9.17 6.37 7.45
3.18 1.87 2.58 3.73
1.36 8.66 8.70 9.59
5.01 6.70 5.68 6.95
1.68 3.21 3.69 5.46
1.12 1.60 2.36 4.57
5.61 3.87 1.43 2.36
4.74 8.93 5.72 7.94
8.58 8.90 5.78 7.35
0.16 1.24 6.27 7.25
4.95 6.50 0.44 2.17
6.69 3.34 3.84 5.58
2.60 9.59 3.00 3.92
6.40 7.64 0.64 2.25
6.73 7.92 0.70 2.42
1.43 1.03 6.93 8.90
8.02 7.63 4.17 6.02
1.99 2.28 4.38 6.47
3.19 0.30 5.96 7.68
4.58 3.79 4.92 6.31
4.21 5.58 2.36 3.89
1.79 8.50 1.59 3.13
2.49 1.39 2.87 4.74
2.44 5.47 7.20 7.87
7.54 9.89 7.93 8.98
5.65 1.23 0.51 1.99
7.94 7.59 9.60 11.82
9.19 2.84 7.92 9.79
5.69 3.73 7.50 8.36
1.48 4.92 4.14 6.00
2.50 8.81 1.40 2.43
0.85 4.66 8.90 9.97
9.07 0.69 6.16 7.32
8.39 3.46 1.53 3.54
0.24 1.48 3.37 4.41
3.39 5.97 9.24 11.01
8.57 1.53 1.42 3.71
4.16 9.40 8.81 10.57
8.67 0.86 7.42 8.85
5.03 6.01 2.95 4.68
2.21 4.71 2.13 3.42
0.45 1.63 5.17 6.79
0.27 9.47 0.26 1.81
4.83 4.87 7.79 9.49
5.15 4.58 1.22 2.29
7.22 8.02 6.74 7.90
0.24 6.37 3.00 3.93
3.89 0.84 7.39 8.61
7.76 8.60 7.36 9.08
7.42 4.27 8.61 10.20
7.03 6.38 9.87 11.65
3.56 7.00 1.83 3.36
5.09 5.76 5.34 6.94
4.66 4.68 0.85 2.31
4.52 4.16 5.34 6.52
7.75 0.70 7.01 8.56
9.13 5.23 0.57 1.39
1.76 4.87 9.40 10.30
3.07 4.02 3.77 4.69
3.52 0.40 4.71 6.07
8.65 8.29 0.89 2.53
6.25 3.04 1.97 3.21
6.63 0.54 9.61 10.71
1.40 6.48 1.81 2.77
7.68 8.23 6.57 7.26
1.06 6.13 2.42 3.31
2.11 4.36 3.35 5.20
9.09 6.27 6.45 7.83
5.78 9.92 1.44 2.97
3.84 3.96 1.45 2.49
2.22 8.62 3.63 4.06
9.37 3.67 7.84 9.88
4.63 7.15 1.51 4.02
2.99 3.45 9.24 10.91
5.40 6.54 8.54 9.71
2.09 7.34 7.92 10.08
7.69 8.56 6.44 8.21
8.75 6.45 4.73 5.77
4.75 7.84 0.32 2.28
1.97 0.50 2.80 3.73
7.02 2.39 2.47 3.97
9.21 9.78 1.23 1.93
6.20 3.34 2.45 4.15
3.88 2.56 0.86 2.62
7.18 4.30 3.22 4.97
9.92 4.36 5.37 6.87
1.71 6.81 4.34 5.30
5.58 8.49 4.75 6.57
8.49 8.58 5.12 7.68
4.14 0.16 7.63 8.88
9.54 0.14 2.20 3.69
8.77 2.08 9.02 11.57
9.84 4.10 6.21 7.85
5.28 9.52 5.26 6.60
6.41 3.70 0.24 1.64
3.55 8.71 2.41 3.52
9.53 4.33 7.06 9.48
1.94 2.53 9.55 11.26
1.86 1.81 6.49 8.21
8.56 6.28 4.31 6.65
5.85 5.94 8.84 10.60
9.94 1.55 5.64 7.28
3.74 1.75 0.99 1.67
3.56 9.31 7.52 8.78
6.71 8.42 0.98 1.96
8.74 0.45 5.38 7.05
2.38 9.07 1.13 1.90
0.81 6.39 6.30 7.23
5.44 9.05 7.42 9.21
2.57 6.13 4.82 6.52
2.43 1.05 7.30 9.32
6.31 4.84 5.56 7.08
7.10 3.60 9.11 10.41
6.41 1.33 2.47 3.89
5.65 7.97 5.54 6.00
9.04 0.12 1.45 2.14
4.96 2.61 2.67 4.11
5.91 0.91 2.96 3.99
4.69 5.46 5.77 6.69
6.96 8.06 5.64 7.82
2.55 2.21 6.18 8.70
0.11 9.20 7.13 8.69
9.34 6.40 9.09 11.58
1.75 6.35 1.94 3.95
8.16 3.50 6.35 8.10
7.77 8.44 0.09 2.00
0.89 1.53 7.56 9.11
2.85 6.97 2.23 4.15
5.77 5.92 2.38 4.17
9.52 9.78 7.47 8.97
6.35 0.70 9.87 10.65
9.41 9.07 6.03 7.42
5.91 4.19 8.03 9.43
9.05 8.84 7.74 10.05
6.12 5.79 7.93 10.10
7.95 7.93 3.44 5.50
8.86 8.12 8.82 10.79
